1.777611374855041504e+00
-3.269984006881713867e+00
-1.816358268260955811e-01
9.210668802261352539e-01
-5.698530077934265137e-01
-9.605129957199096680e-01
1.971984148025512695e+00
-6.212709844112396240e-02
7.005589604377746582e-01
1.982339501380920410e+00
-3.256788104772567749e-02
1.606530427932739258e+00
-5.208665505051612854e-02
-2.993464171886444092e-01
3.768132627010345459e-01
-6.661140173673629761e-02
-1.865002363920211792e-01
-1.625058889389038086e+00
4.238603413105010986e-01
-2.602783203125000000e+00
1.727533712983131409e-02
-3.463723883032798767e-02
-2.751815021038055420e-01
-6.496698409318923950e-02
-9.118528962135314941e-01
1.386589556932449341e-01
6.193931102752685547e-01
-4.041592031717300415e-02
-1.302460551261901855e+00
-3.472639024257659912e-01
